,index,x,y,file
741915,0,3664.25,18203.2,28.2_3_ihn_ST.txt
741916,1,3689.18,18170.5,28.2_3_ihn_ST.txt
741917,2,5736.22,12099.5,28.2_3_ihn_ST.txt
741918,3,17833.5,2062.61,28.2_3_ihn_ST.txt
741919,4,13673.6,4472.88,28.2_3_ihn_ST.txt
741920,5,3448.81,19935.9,28.2_3_ihn_ST.txt
741921,6,3654.54,18209.9,28.2_3_ihn_ST.txt
741922,7,3587.65,3558.51,28.2_3_ihn_ST.txt
741923,8,3456.14,19921.0,28.2_3_ihn_ST.txt
741924,9,8355.58,17526.7,28.2_3_ihn_ST.txt
741925,10,3443.08,19915.8,28.2_3_ihn_ST.txt
741926,11,3476.23,19942.3,28.2_3_ihn_ST.txt
741927,12,6222.29,6605.44,28.2_3_ihn_ST.txt
741928,13,4787.12,8918.34,28.2_3_ihn_ST.txt
741929,14,3664.89,18201.7,28.2_3_ihn_ST.txt
741930,15,3652.68,18209.5,28.2_3_ihn_ST.txt
741931,16,7582.66,3227.12,28.2_3_ihn_ST.txt
741932,17,13741.9,4418.93,28.2_3_ihn_ST.txt
741933,18,8501.0,17731.7,28.2_3_ihn_ST.txt
741934,19,13911.0,21566.9,28.2_3_ihn_ST.txt
741935,20,7420.97,16955.6,28.2_3_ihn_ST.txt
741936,21,3652.35,18221.2,28.2_3_ihn_ST.txt
741937,22,3557.19,3627.4,28.2_3_ihn_ST.txt
741938,23,5924.51,6156.67,28.2_3_ihn_ST.txt
741939,24,4439.99,10071.2,28.2_3_ihn_ST.txt
741940,25,4884.58,7049.18,28.2_3_ihn_ST.txt
741941,26,7475.94,6501.54,28.2_3_ihn_ST.txt
741942,27,5512.21,7160.27,28.2_3_ihn_ST.txt
741943,28,1051.8,16187.3,28.2_3_ihn_ST.txt
741944,29,9463.17,7521.28,28.2_3_ihn_ST.txt
741945,30,13246.6,10848.0,28.2_3_ihn_ST.txt
741946,31,18872.2,14309.0,28.2_3_ihn_ST.txt
741947,32,12263.2,3500.37,28.2_3_ihn_ST.txt
741948,33,7209.87,6239.24,28.2_3_ihn_ST.txt
741949,34,21114.3,6553.66,28.2_3_ihn_ST.txt
741950,35,770.555,4969.88,28.2_3_ihn_ST.txt
741951,36,6172.29,7039.54,28.2_3_ihn_ST.txt
741952,37,2013.84,4039.42,28.2_3_ihn_ST.txt
741953,38,6197.96,6998.19,28.2_3_ihn_ST.txt
741954,39,8044.17,6483.61,28.2_3_ihn_ST.txt
741955,40,6145.31,7018.31,28.2_3_ihn_ST.txt
741956,41,15393.9,8828.4,28.2_3_ihn_ST.txt
741957,42,9690.49,2859.75,28.2_3_ihn_ST.txt
741958,43,7524.2,3893.26,28.2_3_ihn_ST.txt
741959,44,7569.5,3879.63,28.2_3_ihn_ST.txt
741960,45,8022.87,13564.1,28.2_3_ihn_ST.txt
741961,46,12557.7,9550.56,28.2_3_ihn_ST.txt
741962,47,15502.5,11567.4,28.2_3_ihn_ST.txt
741963,48,11979.3,10353.7,28.2_3_ihn_ST.txt
741964,49,15435.2,17767.7,28.2_3_ihn_ST.txt
741965,50,18261.0,13834.2,28.2_3_ihn_ST.txt
741966,51,15468.2,17736.5,28.2_3_ihn_ST.txt
741967,52,15446.1,17747.0,28.2_3_ihn_ST.txt
741968,53,15722.5,18489.3,28.2_3_ihn_ST.txt
741969,54,15731.9,18487.8,28.2_3_ihn_ST.txt
741970,55,218.603,7967.88,28.2_3_ihn_ST.txt
741971,56,20214.8,4012.62,28.2_3_ihn_ST.txt
741972,57,2207.53,16368.9,28.2_3_ihn_ST.txt
741973,58,11735.3,13503.3,28.2_3_ihn_ST.txt
741974,59,8047.79,6508.3,28.2_3_ihn_ST.txt
741975,60,6764.46,15710.7,28.2_3_ihn_ST.txt
741976,61,12453.0,10579.4,28.2_3_ihn_ST.txt
741977,62,3942.58,13312.0,28.2_3_ihn_ST.txt
741978,63,7564.79,2634.99,28.2_3_ihn_ST.txt
741979,64,12439.4,10606.3,28.2_3_ihn_ST.txt
741980,65,12433.8,10602.9,28.2_3_ihn_ST.txt
741981,66,810.372,20805.8,28.2_3_ihn_ST.txt
741982,67,770.829,20806.9,28.2_3_ihn_ST.txt
741983,68,1603.63,5161.7,28.2_3_ihn_ST.txt
741984,69,3427.61,12658.4,28.2_3_ihn_ST.txt
741985,70,1248.53,5556.16,28.2_3_ihn_ST.txt
741986,71,4264.65,7461.04,28.2_3_ihn_ST.txt
741987,72,6295.97,15758.8,28.2_3_ihn_ST.txt
741988,73,8594.33,1955.94,28.2_3_ihn_ST.txt
741989,74,19815.5,22209.6,28.2_3_ihn_ST.txt
741990,75,17880.5,5745.25,28.2_3_ihn_ST.txt
741991,76,7030.2,12472.9,28.2_3_ihn_ST.txt
741992,77,12512.3,16654.0,28.2_3_ihn_ST.txt
741993,78,3976.46,10689.4,28.2_3_ihn_ST.txt
741994,79,12524.3,16643.3,28.2_3_ihn_ST.txt
741995,80,12525.4,16677.6,28.2_3_ihn_ST.txt
741996,81,6340.36,0.421912,28.2_3_ihn_ST.txt
741997,82,7836.78,3147.93,28.2_3_ihn_ST.txt
741998,83,14243.1,18082.5,28.2_3_ihn_ST.txt
741999,84,12448.6,10609.3,28.2_3_ihn_ST.txt
742000,85,16017.7,7370.22,28.2_3_ihn_ST.txt
742001,86,14254.4,18069.9,28.2_3_ihn_ST.txt
742002,87,14228.5,18071.7,28.2_3_ihn_ST.txt
742003,88,14235.8,18056.4,28.2_3_ihn_ST.txt
742004,89,14233.0,18068.4,28.2_3_ihn_ST.txt
742005,90,7423.76,6528.06,28.2_3_ihn_ST.txt
742006,91,14213.8,18079.5,28.2_3_ihn_ST.txt
742007,92,19031.6,11269.5,28.2_3_ihn_ST.txt
742008,93,15166.8,15625.3,28.2_3_ihn_ST.txt
742009,94,8049.63,6500.37,28.2_3_ihn_ST.txt
742010,95,15128.2,15646.0,28.2_3_ihn_ST.txt
742011,96,15156.5,15642.2,28.2_3_ihn_ST.txt
742012,97,15119.3,15650.1,28.2_3_ihn_ST.txt
742013,98,6328.23,11551.1,28.2_3_ihn_ST.txt
742014,99,6319.86,11526.2,28.2_3_ihn_ST.txt
742015,100,12731.0,5170.86,28.2_3_ihn_ST.txt
742016,101,8101.5,3117.83,28.2_3_ihn_ST.txt
742017,102,17642.4,16267.5,28.2_3_ihn_ST.txt
742018,103,6790.82,5291.27,28.2_3_ihn_ST.txt
742019,104,5966.23,10867.6,28.2_3_ihn_ST.txt
742020,105,11623.3,15224.5,28.2_3_ihn_ST.txt
742021,106,18275.3,17458.1,28.2_3_ihn_ST.txt
742022,107,4427.91,5118.79,28.2_3_ihn_ST.txt
742023,108,12854.3,6710.54,28.2_3_ihn_ST.txt
742024,109,12824.9,6696.57,28.2_3_ihn_ST.txt
742025,110,13010.6,11349.3,28.2_3_ihn_ST.txt
742026,111,7494.94,15770.9,28.2_3_ihn_ST.txt
742027,112,1357.93,17287.6,28.2_3_ihn_ST.txt
742028,113,17631.6,10869.7,28.2_3_ihn_ST.txt
742029,114,1724.46,1420.45,28.2_3_ihn_ST.txt
742030,115,1718.84,1405.32,28.2_3_ihn_ST.txt
742031,116,11444.3,4348.67,28.2_3_ihn_ST.txt
742032,117,5642.61,15667.1,28.2_3_ihn_ST.txt
742033,118,8025.67,10967.2,28.2_3_ihn_ST.txt
742034,119,2088.68,8383.45,28.2_3_ihn_ST.txt
742035,120,19084.8,13670.4,28.2_3_ihn_ST.txt
742036,121,19086.7,13644.6,28.2_3_ihn_ST.txt
742037,122,12566.0,3429.48,28.2_3_ihn_ST.txt
742038,123,11449.2,13025.8,28.2_3_ihn_ST.txt
742039,124,11455.3,13023.6,28.2_3_ihn_ST.txt
742040,125,5473.07,17042.4,28.2_3_ihn_ST.txt
742041,126,6595.21,14021.0,28.2_3_ihn_ST.txt
742042,127,14853.8,5414.6,28.2_3_ihn_ST.txt
742043,128,12976.0,3298.41,28.2_3_ihn_ST.txt
742044,129,7944.76,16443.4,28.2_3_ihn_ST.txt
742045,130,5791.24,10742.0,28.2_3_ihn_ST.txt
742046,131,14254.4,7139.27,28.2_3_ihn_ST.txt
742047,132,3052.28,10449.4,28.2_3_ihn_ST.txt
742048,133,4284.67,7468.85,28.2_3_ihn_ST.txt
742049,134,9008.3,11426.1,28.2_3_ihn_ST.txt
742050,135,8988.24,11434.5,28.2_3_ihn_ST.txt
742051,136,5609.35,8042.0,28.2_3_ihn_ST.txt
742052,137,4513.46,20858.9,28.2_3_ihn_ST.txt
742053,138,4568.67,12466.0,28.2_3_ihn_ST.txt
742054,139,11677.6,19955.9,28.2_3_ihn_ST.txt
742055,140,9975.75,7741.11,28.2_3_ihn_ST.txt
742056,141,16969.7,1864.21,28.2_3_ihn_ST.txt
742057,142,7461.67,6330.03,28.2_3_ihn_ST.txt
742058,143,11067.8,19046.6,28.2_3_ihn_ST.txt
742059,144,4601.13,10377.8,28.2_3_ihn_ST.txt
742060,145,10844.4,15370.6,28.2_3_ihn_ST.txt
742061,146,609.077,8430.88,28.2_3_ihn_ST.txt
742062,147,5324.17,17954.2,28.2_3_ihn_ST.txt
742063,148,631.424,8453.31,28.2_3_ihn_ST.txt
742064,149,6149.89,6752.35,28.2_3_ihn_ST.txt
742065,150,4982.96,10105.7,28.2_3_ihn_ST.txt
742066,151,11956.6,6844.92,28.2_3_ihn_ST.txt
742067,152,11944.9,6845.92,28.2_3_ihn_ST.txt
742068,153,17136.9,9294.41,28.2_3_ihn_ST.txt
742069,154,3777.9,11561.6,28.2_3_ihn_ST.txt
742070,155,15803.5,2440.04,28.2_3_ihn_ST.txt
742071,156,10940.6,13051.7,28.2_3_ihn_ST.txt
742072,157,10937.1,13047.2,28.2_3_ihn_ST.txt
742073,158,13542.1,18127.9,28.2_3_ihn_ST.txt
742074,159,12881.8,12638.2,28.2_3_ihn_ST.txt
742075,160,12893.3,12634.5,28.2_3_ihn_ST.txt
742076,161,8303.27,5710.31,28.2_3_ihn_ST.txt
742077,162,15101.1,12387.3,28.2_3_ihn_ST.txt
742078,163,19686.1,17260.8,28.2_3_ihn_ST.txt
742079,164,5878.08,10816.4,28.2_3_ihn_ST.txt
742080,165,12457.1,11723.4,28.2_3_ihn_ST.txt
742081,166,5633.51,13508.4,28.2_3_ihn_ST.txt
742082,167,4188.62,16086.7,28.2_3_ihn_ST.txt
742083,168,5352.01,17932.3,28.2_3_ihn_ST.txt
742084,169,19695.1,9054.52,28.2_3_ihn_ST.txt
742085,170,2281.87,3870.68,28.2_3_ihn_ST.txt
742086,171,11028.1,13622.9,28.2_3_ihn_ST.txt
742087,172,5319.48,8470.42,28.2_3_ihn_ST.txt
742088,173,22189.9,14563.5,28.2_3_ihn_ST.txt
742089,174,22169.6,14591.8,28.2_3_ihn_ST.txt
742090,175,8386.87,5743.65,28.2_3_ihn_ST.txt
742091,176,21614.3,18506.9,28.2_3_ihn_ST.txt
742092,177,3144.76,3619.67,28.2_3_ihn_ST.txt
742093,178,5269.15,15375.4,28.2_3_ihn_ST.txt
742094,179,21104.1,6556.27,28.2_3_ihn_ST.txt
742095,180,7310.15,16600.5,28.2_3_ihn_ST.txt
742096,181,18295.1,14714.8,28.2_3_ihn_ST.txt
742097,182,8023.53,6504.6,28.2_3_ihn_ST.txt
742098,183,8480.83,10388.8,28.2_3_ihn_ST.txt
742099,184,15934.9,10393.7,28.2_3_ihn_ST.txt
742100,185,17757.6,18718.4,28.2_3_ihn_ST.txt
742101,186,8043.1,6512.26,28.2_3_ihn_ST.txt
742102,187,2039.45,3999.97,28.2_3_ihn_ST.txt
742103,188,3794.79,11581.5,28.2_3_ihn_ST.txt
742104,189,2056.25,3983.94,28.2_3_ihn_ST.txt
742105,190,13164.7,13122.1,28.2_3_ihn_ST.txt
742106,191,1158.96,17200.5,28.2_3_ihn_ST.txt
742107,192,12940.6,6668.94,28.2_3_ihn_ST.txt
742108,193,6323.69,11524.0,28.2_3_ihn_ST.txt
742109,194,15679.2,5173.32,28.2_3_ihn_ST.txt
742110,195,7349.18,5926.28,28.2_3_ihn_ST.txt
742111,196,11180.8,13494.0,28.2_3_ihn_ST.txt
742112,197,10782.0,10264.4,28.2_3_ihn_ST.txt
742113,198,10777.3,10266.2,28.2_3_ihn_ST.txt
742114,199,11355.4,18115.1,28.2_3_ihn_ST.txt
742115,200,20673.0,20691.9,28.2_3_ihn_ST.txt
742116,201,4657.01,10294.2,28.2_3_ihn_ST.txt
742117,202,4652.54,10277.8,28.2_3_ihn_ST.txt
742118,203,4239.79,7495.62,28.2_3_ihn_ST.txt
742119,204,15411.2,6409.08,28.2_3_ihn_ST.txt
742120,205,4649.26,10267.2,28.2_3_ihn_ST.txt
742121,206,4654.9,10273.8,28.2_3_ihn_ST.txt
742122,207,4665.54,10282.8,28.2_3_ihn_ST.txt
742123,208,16340.5,17209.0,28.2_3_ihn_ST.txt
742124,209,4666.71,10253.4,28.2_3_ihn_ST.txt
742125,210,2048.95,4008.76,28.2_3_ihn_ST.txt
742126,211,11039.6,19114.2,28.2_3_ihn_ST.txt
742127,212,13391.4,8816.72,28.2_3_ihn_ST.txt
742128,213,2015.98,3996.63,28.2_3_ihn_ST.txt
742129,214,8575.77,2342.55,28.2_3_ihn_ST.txt
742130,215,2054.85,4078.07,28.2_3_ihn_ST.txt
742131,216,12848.3,13720.5,28.2_3_ihn_ST.txt
742132,217,1112.72,15791.8,28.2_3_ihn_ST.txt
742133,218,9834.99,18245.4,28.2_3_ihn_ST.txt
742134,219,1069.94,15792.2,28.2_3_ihn_ST.txt
742135,220,17734.2,8984.38,28.2_3_ihn_ST.txt
742136,221,4059.91,10316.9,28.2_3_ihn_ST.txt
742137,222,11734.7,13502.0,28.2_3_ihn_ST.txt
742138,223,11733.7,13498.9,28.2_3_ihn_ST.txt
742139,224,18647.0,14117.2,28.2_3_ihn_ST.txt
742140,225,11729.5,13510.6,28.2_3_ihn_ST.txt
742141,226,21.902,14892.6,28.2_3_ihn_ST.txt
742142,227,17020.4,7477.05,28.2_3_ihn_ST.txt
742143,228,13806.9,18433.0,28.2_3_ihn_ST.txt
742144,229,10991.2,19150.8,28.2_3_ihn_ST.txt
742145,230,10999.8,19149.3,28.2_3_ihn_ST.txt
742146,231,10991.4,19133.3,28.2_3_ihn_ST.txt
742147,232,7504.7,6092.25,28.2_3_ihn_ST.txt
742148,233,5873.65,15426.1,28.2_3_ihn_ST.txt
742149,234,17046.7,20557.4,28.2_3_ihn_ST.txt
742150,235,6565.97,3365.61,28.2_3_ihn_ST.txt
742151,236,7662.44,14719.7,28.2_3_ihn_ST.txt
742152,237,9363.33,8977.23,28.2_3_ihn_ST.txt
742153,238,13988.4,13962.9,28.2_3_ihn_ST.txt
742154,239,13993.1,13963.1,28.2_3_ihn_ST.txt
742155,240,2070.75,3963.96,28.2_3_ihn_ST.txt
742156,241,17345.7,6770.12,28.2_3_ihn_ST.txt
742157,242,17334.4,6791.81,28.2_3_ihn_ST.txt
742158,243,2045.28,3964.99,28.2_3_ihn_ST.txt
742159,244,2033.14,3989.65,28.2_3_ihn_ST.txt
742160,245,2062.66,4014.2,28.2_3_ihn_ST.txt
742161,246,1212.11,9696.67,28.2_3_ihn_ST.txt
742162,247,12267.9,13393.8,28.2_3_ihn_ST.txt
742163,248,14033.4,18680.9,28.2_3_ihn_ST.txt
742164,249,13533.9,12044.4,28.2_3_ihn_ST.txt
742165,250,6362.93,9804.22,28.2_3_ihn_ST.txt
742166,251,4939.27,10403.7,28.2_3_ihn_ST.txt
742167,252,2996.64,17356.3,28.2_3_ihn_ST.txt
742168,253,13520.7,2148.45,28.2_3_ihn_ST.txt
742169,254,6136.6,16603.4,28.2_3_ihn_ST.txt
742170,255,7255.77,14874.7,28.2_3_ihn_ST.txt
742171,256,5736.74,1699.2,28.2_3_ihn_ST.txt
742172,257,11855.6,10266.5,28.2_3_ihn_ST.txt
742173,258,16903.0,15094.5,28.2_3_ihn_ST.txt
742174,259,16915.9,15087.1,28.2_3_ihn_ST.txt
742175,260,8447.06,5939.14,28.2_3_ihn_ST.txt
742176,261,8423.29,5980.51,28.2_3_ihn_ST.txt
742177,262,15991.9,14213.8,28.2_3_ihn_ST.txt
742178,263,2025.06,3996.01,28.2_3_ihn_ST.txt
742179,264,2008.85,3992.17,28.2_3_ihn_ST.txt
742180,265,2020.82,3992.19,28.2_3_ihn_ST.txt
742181,266,2013.31,4006.65,28.2_3_ihn_ST.txt
742182,267,0.0105447,14899.0,28.2_3_ihn_ST.txt
742183,268,15881.2,14703.6,28.2_3_ihn_ST.txt
742184,269,5860.36,10810.3,28.2_3_ihn_ST.txt
742185,270,6604.95,7112.44,28.2_3_ihn_ST.txt
742186,271,10771.3,12057.6,28.2_3_ihn_ST.txt
742187,272,7403.41,11983.5,28.2_3_ihn_ST.txt
742188,273,7440.12,12021.9,28.2_3_ihn_ST.txt
742189,274,6848.53,16115.4,28.2_3_ihn_ST.txt
742190,275,2010.55,4029.63,28.2_3_ihn_ST.txt
742191,276,6487.29,7044.63,28.2_3_ihn_ST.txt
742192,277,6502.95,7034.27,28.2_3_ihn_ST.txt
742193,278,12247.4,18756.2,28.2_3_ihn_ST.txt
742194,279,10399.5,6420.36,28.2_3_ihn_ST.txt
742195,280,9805.7,14825.9,28.2_3_ihn_ST.txt
742196,281,9752.52,14836.1,28.2_3_ihn_ST.txt
742197,282,9754.41,14831.9,28.2_3_ihn_ST.txt
742198,283,9772.15,14826.8,28.2_3_ihn_ST.txt
742199,284,21816.0,10209.1,28.2_3_ihn_ST.txt
742200,285,16580.9,14789.8,28.2_3_ihn_ST.txt
742201,286,5034.32,21138.6,28.2_3_ihn_ST.txt
742202,287,16600.3,14738.9,28.2_3_ihn_ST.txt
742203,288,5294.33,17939.0,28.2_3_ihn_ST.txt
742204,289,3981.35,10684.3,28.2_3_ihn_ST.txt
742205,290,5269.97,17967.9,28.2_3_ihn_ST.txt
742206,291,11469.7,4323.06,28.2_3_ihn_ST.txt
742207,292,20648.7,3384.26,28.2_3_ihn_ST.txt
742208,293,18704.0,2392.15,28.2_3_ihn_ST.txt
742209,294,10130.2,9949.17,28.2_3_ihn_ST.txt
742210,295,11902.3,10259.8,28.2_3_ihn_ST.txt
742211,296,13643.0,1817.92,28.2_3_ihn_ST.txt
742212,297,11699.0,19922.8,28.2_3_ihn_ST.txt
742213,298,6222.49,6983.42,28.2_3_ihn_ST.txt
742214,299,11655.7,19972.4,28.2_3_ihn_ST.txt
742215,300,11691.9,19938.4,28.2_3_ihn_ST.txt
742216,301,2014.34,4048.85,28.2_3_ihn_ST.txt
742217,302,2871.26,20508.5,28.2_3_ihn_ST.txt
742218,303,5919.31,9917.31,28.2_3_ihn_ST.txt
742219,304,12229.7,15422.4,28.2_3_ihn_ST.txt
742220,305,18931.6,11138.4,28.2_3_ihn_ST.txt
742221,306,16711.5,2460.41,28.2_3_ihn_ST.txt
742222,307,14505.4,13688.0,28.2_3_ihn_ST.txt
742223,308,2032.19,3991.85,28.2_3_ihn_ST.txt
742224,309,15920.8,15220.3,28.2_3_ihn_ST.txt
742225,310,14813.3,18401.2,28.2_3_ihn_ST.txt
742226,311,4442.04,10751.3,28.2_3_ihn_ST.txt
742227,312,15760.6,10728.1,28.2_3_ihn_ST.txt
742228,313,13082.5,12984.3,28.2_3_ihn_ST.txt
742229,314,7384.63,11731.4,28.2_3_ihn_ST.txt
742230,315,17529.1,12164.7,28.2_3_ihn_ST.txt
742231,316,17497.3,12193.2,28.2_3_ihn_ST.txt
742232,317,5726.35,9984.3,28.2_3_ihn_ST.txt
742233,318,14006.3,4826.45,28.2_3_ihn_ST.txt
742234,319,7055.27,11991.5,28.2_3_ihn_ST.txt
742235,320,11951.1,6853.28,28.2_3_ihn_ST.txt
742236,321,11947.6,6852.56,28.2_3_ihn_ST.txt
742237,322,11947.8,6858.14,28.2_3_ihn_ST.txt
742238,323,14381.0,3971.63,28.2_3_ihn_ST.txt
742239,324,8959.93,6500.13,28.2_3_ihn_ST.txt
742240,325,15141.0,15637.2,28.2_3_ihn_ST.txt
742241,326,15997.8,14230.9,28.2_3_ihn_ST.txt
742242,327,16011.7,14193.7,28.2_3_ihn_ST.txt
742243,328,8520.8,4748.62,28.2_3_ihn_ST.txt
742244,329,8529.33,4706.98,28.2_3_ihn_ST.txt
742245,330,1129.13,21095.7,28.2_3_ihn_ST.txt
742246,331,1138.01,21095.6,28.2_3_ihn_ST.txt
742247,332,19162.4,12494.3,28.2_3_ihn_ST.txt
742248,333,16752.6,6302.23,28.2_3_ihn_ST.txt
742249,334,16781.1,6306.41,28.2_3_ihn_ST.txt
742250,335,5599.78,8089.39,28.2_3_ihn_ST.txt
742251,336,4704.81,21055.4,28.2_3_ihn_ST.txt
742252,337,3310.64,9382.54,28.2_3_ihn_ST.txt
742253,338,22478.0,817.5,28.2_3_ihn_ST.txt
742254,339,13328.0,129.536,28.2_3_ihn_ST.txt
742255,340,10331.7,318.392,28.2_3_ihn_ST.txt
742256,341,11617.8,15135.6,28.2_3_ihn_ST.txt
742257,342,822.98,4499.14,28.2_3_ihn_ST.txt
742258,343,12117.7,13487.9,28.2_3_ihn_ST.txt
742259,344,18648.3,10091.9,28.2_3_ihn_ST.txt
742260,345,13059.3,12809.3,28.2_3_ihn_ST.txt
742261,346,13043.4,12832.7,28.2_3_ihn_ST.txt
742262,347,12228.6,13485.6,28.2_3_ihn_ST.txt
742263,348,20219.9,4024.22,28.2_3_ihn_ST.txt
742264,349,7331.04,16622.9,28.2_3_ihn_ST.txt
742265,350,9608.51,5997.36,28.2_3_ihn_ST.txt
742266,351,10996.1,19140.1,28.2_3_ihn_ST.txt
742267,352,4005.92,10659.8,28.2_3_ihn_ST.txt
742268,353,11053.6,9910.87,28.2_3_ihn_ST.txt
742269,354,15007.7,1484.8,28.2_3_ihn_ST.txt
742270,355,6508.49,105.969,28.2_3_ihn_ST.txt
742271,356,8905.49,9229.86,28.2_3_ihn_ST.txt
742272,357,16326.8,1735.67,28.2_3_ihn_ST.txt
742273,358,8922.49,9213.35,28.2_3_ihn_ST.txt
742274,359,8921.59,9224.53,28.2_3_ihn_ST.txt
742275,360,8901.74,9226.3,28.2_3_ihn_ST.txt
742276,361,142.256,5023.76,28.2_3_ihn_ST.txt
742277,362,8731.26,17078.2,28.2_3_ihn_ST.txt
742278,363,12733.2,5177.71,28.2_3_ihn_ST.txt
742279,364,11761.8,10200.8,28.2_3_ihn_ST.txt
742280,365,1738.03,15317.1,28.2_3_ihn_ST.txt
742281,366,4189.76,16557.3,28.2_3_ihn_ST.txt
742282,367,4231.68,16517.5,28.2_3_ihn_ST.txt
742283,368,10817.4,12231.9,28.2_3_ihn_ST.txt
742284,369,6367.04,15355.7,28.2_3_ihn_ST.txt
742285,370,11763.1,14828.5,28.2_3_ihn_ST.txt
742286,371,15911.5,13209.4,28.2_3_ihn_ST.txt
742287,372,3900.4,10795.4,28.2_3_ihn_ST.txt
742288,373,6946.0,11822.8,28.2_3_ihn_ST.txt
742289,374,15825.7,13605.9,28.2_3_ihn_ST.txt
742290,375,3717.1,3755.61,28.2_3_ihn_ST.txt
742291,376,1459.38,14231.9,28.2_3_ihn_ST.txt
742292,377,1987.92,4158.96,28.2_3_ihn_ST.txt
742293,378,6261.69,15137.0,28.2_3_ihn_ST.txt
742294,379,21081.4,19927.9,28.2_3_ihn_ST.txt
742295,380,2174.05,16682.4,28.2_3_ihn_ST.txt
742296,381,5183.29,12870.8,28.2_3_ihn_ST.txt
742297,382,18180.7,8170.76,28.2_3_ihn_ST.txt
742298,383,7152.85,528.457,28.2_3_ihn_ST.txt
742299,384,17051.4,11232.9,28.2_3_ihn_ST.txt
742300,385,8631.67,6645.0,28.2_3_ihn_ST.txt
742301,386,13807.7,18463.8,28.2_3_ihn_ST.txt
742302,387,3532.05,10465.3,28.2_3_ihn_ST.txt
742303,388,2642.24,19261.7,28.2_3_ihn_ST.txt
742304,389,10312.8,5907.67,28.2_3_ihn_ST.txt
742305,390,3970.2,10738.8,28.2_3_ihn_ST.txt
742306,391,19085.9,11173.3,28.2_3_ihn_ST.txt
742307,392,20233.6,19200.7,28.2_3_ihn_ST.txt
742308,393,20243.8,19183.5,28.2_3_ihn_ST.txt
742309,394,14498.0,18870.6,28.2_3_ihn_ST.txt
742310,395,8570.38,17899.4,28.2_3_ihn_ST.txt
742311,396,13240.3,9224.82,28.2_3_ihn_ST.txt
742312,397,13213.1,9263.25,28.2_3_ihn_ST.txt
742313,398,4656.76,12006.1,28.2_3_ihn_ST.txt
742314,399,16485.7,5947.25,28.2_3_ihn_ST.txt
742315,400,8291.83,5746.99,28.2_3_ihn_ST.txt
742316,401,18167.5,8148.31,28.2_3_ihn_ST.txt
742317,402,18161.8,8142.89,28.2_3_ihn_ST.txt
742318,403,1799.72,11537.4,28.2_3_ihn_ST.txt
742319,404,16014.0,16413.2,28.2_3_ihn_ST.txt
742320,405,14419.0,15712.5,28.2_3_ihn_ST.txt
742321,406,6968.05,18223.9,28.2_3_ihn_ST.txt
742322,407,8878.54,5958.28,28.2_3_ihn_ST.txt
742323,408,14065.6,11153.1,28.2_3_ihn_ST.txt
742324,409,6337.39,8319.7,28.2_3_ihn_ST.txt
742325,410,4970.75,10381.2,28.2_3_ihn_ST.txt
742326,411,6018.58,9952.41,28.2_3_ihn_ST.txt
742327,412,14454.0,5631.88,28.2_3_ihn_ST.txt
742328,413,13797.5,18410.1,28.2_3_ihn_ST.txt
742329,414,17806.4,15651.7,28.2_3_ihn_ST.txt
742330,415,7088.24,1402.58,28.2_3_ihn_ST.txt
742331,416,13787.1,18429.9,28.2_3_ihn_ST.txt
742332,417,4880.26,10466.4,28.2_3_ihn_ST.txt
742333,418,8625.35,119.376,28.2_3_ihn_ST.txt
742334,419,15470.8,17742.0,28.2_3_ihn_ST.txt
742335,420,12310.6,15529.9,28.2_3_ihn_ST.txt
742336,421,6618.55,20462.6,28.2_3_ihn_ST.txt
742337,422,6208.15,14257.8,28.2_3_ihn_ST.txt
742338,423,9577.69,6029.94,28.2_3_ihn_ST.txt
742339,424,5730.37,19983.4,28.2_3_ihn_ST.txt
742340,425,6551.79,0.00377646,28.2_3_ihn_ST.txt
742341,426,6509.83,9.12,28.2_3_ihn_ST.txt
742342,427,15889.8,20387.8,28.2_3_ihn_ST.txt
742343,428,14819.7,13814.6,28.2_3_ihn_ST.txt
742344,429,13798.8,18441.3,28.2_3_ihn_ST.txt
742345,430,13800.9,18456.0,28.2_3_ihn_ST.txt
742346,431,11014.5,19101.1,28.2_3_ihn_ST.txt
742347,432,10983.3,19154.5,28.2_3_ihn_ST.txt
742348,433,9776.93,6693.66,28.2_3_ihn_ST.txt
742349,434,6967.67,11856.5,28.2_3_ihn_ST.txt
742350,435,8468.71,13095.2,28.2_3_ihn_ST.txt
742351,436,8591.76,1976.02,28.2_3_ihn_ST.txt
742352,437,6667.56,10560.8,28.2_3_ihn_ST.txt
742353,438,8927.5,8751.58,28.2_3_ihn_ST.txt
742354,439,13824.2,12063.6,28.2_3_ihn_ST.txt
742355,440,1304.89,16198.0,28.2_3_ihn_ST.txt
742356,441,19563.9,2041.68,28.2_3_ihn_ST.txt
742357,442,3195.08,0.405054,28.2_3_ihn_ST.txt
742358,443,12556.4,16693.5,28.2_3_ihn_ST.txt
742359,444,7033.35,16963.5,28.2_3_ihn_ST.txt
742360,445,11715.2,6268.55,28.2_3_ihn_ST.txt
742361,446,2178.35,4889.93,28.2_3_ihn_ST.txt
742362,447,2105.44,4947.51,28.2_3_ihn_ST.txt
742363,448,2124.45,4933.33,28.2_3_ihn_ST.txt
742364,449,9532.02,10501.6,28.2_3_ihn_ST.txt
742365,450,1092.67,10393.1,28.2_3_ihn_ST.txt
742366,451,13686.2,13985.6,28.2_3_ihn_ST.txt
742367,452,3063.41,10451.1,28.2_3_ihn_ST.txt
742368,453,8890.2,9235.83,28.2_3_ihn_ST.txt
742369,454,13696.3,11174.0,28.2_3_ihn_ST.txt
742370,455,7569.72,2678.52,28.2_3_ihn_ST.txt
742371,456,8923.73,9210.94,28.2_3_ihn_ST.txt
742372,457,12638.2,2605.72,28.2_3_ihn_ST.txt
742373,458,6636.2,4634.35,28.2_3_ihn_ST.txt
742374,459,5058.2,3031.51,28.2_3_ihn_ST.txt
742375,460,7044.02,2508.52,28.2_3_ihn_ST.txt
742376,461,10712.5,12149.4,28.2_3_ihn_ST.txt
742377,462,11929.6,6875.02,28.2_3_ihn_ST.txt
742378,463,6795.94,5286.85,28.2_3_ihn_ST.txt
742379,464,8896.38,9229.46,28.2_3_ihn_ST.txt
742380,465,6612.12,4716.43,28.2_3_ihn_ST.txt
742381,466,6987.65,22573.5,28.2_3_ihn_ST.txt
742382,467,8041.38,13595.1,28.2_3_ihn_ST.txt
742383,468,13290.2,6004.06,28.2_3_ihn_ST.txt
742384,469,5608.86,14345.4,28.2_3_ihn_ST.txt
742385,470,16925.4,16815.5,28.2_3_ihn_ST.txt
742386,471,13482.8,4591.79,28.2_3_ihn_ST.txt
742387,472,3873.22,20217.4,28.2_3_ihn_ST.txt
742388,473,1761.82,20246.4,28.2_3_ihn_ST.txt
742389,474,626.45,15202.6,28.2_3_ihn_ST.txt
742390,475,6448.93,15471.3,28.2_3_ihn_ST.txt
742391,476,8547.85,17901.7,28.2_3_ihn_ST.txt
742392,477,13471.4,9453.59,28.2_3_ihn_ST.txt
742393,478,1286.38,19723.7,28.2_3_ihn_ST.txt
742394,479,11965.6,18074.9,28.2_3_ihn_ST.txt
742395,480,15459.4,7484.78,28.2_3_ihn_ST.txt
742396,481,12162.4,16006.0,28.2_3_ihn_ST.txt
742397,482,10564.6,11352.9,28.2_3_ihn_ST.txt
742398,483,10548.5,11338.8,28.2_3_ihn_ST.txt
742399,484,9664.3,2900.31,28.2_3_ihn_ST.txt
742400,485,9069.45,7080.07,28.2_3_ihn_ST.txt
742401,486,11984.1,18063.7,28.2_3_ihn_ST.txt
742402,487,12500.2,7634.22,28.2_3_ihn_ST.txt
742403,488,16001.6,7386.22,28.2_3_ihn_ST.txt
742404,489,5972.12,9883.23,28.2_3_ihn_ST.txt
742405,490,5916.47,9923.79,28.2_3_ihn_ST.txt
742406,491,12003.1,18053.9,28.2_3_ihn_ST.txt
742407,492,7453.24,999.742,28.2_3_ihn_ST.txt
742408,493,12000.8,18043.9,28.2_3_ihn_ST.txt
742409,494,16057.6,15814.0,28.2_3_ihn_ST.txt
742410,495,9748.95,2862.88,28.2_3_ihn_ST.txt
742411,496,18214.9,10176.4,28.2_3_ihn_ST.txt
742412,497,20946.2,17357.4,28.2_3_ihn_ST.txt
742413,498,14482.0,18867.3,28.2_3_ihn_ST.txt
742414,499,308.191,16457.2,28.2_3_ihn_ST.txt
742415,500,331.227,16469.7,28.2_3_ihn_ST.txt
742416,501,316.786,16443.3,28.2_3_ihn_ST.txt
742417,502,311.21,16442.2,28.2_3_ihn_ST.txt
742418,503,16868.9,9231.59,28.2_3_ihn_ST.txt
742419,504,2189.61,12793.4,28.2_3_ihn_ST.txt
742420,505,14435.9,11780.2,28.2_3_ihn_ST.txt
742421,506,7463.77,985.966,28.2_3_ihn_ST.txt
742422,507,14375.5,3998.23,28.2_3_ihn_ST.txt
742423,508,667.193,11755.1,28.2_3_ihn_ST.txt
742424,509,1016.82,12781.4,28.2_3_ihn_ST.txt
742425,510,1776.41,19079.2,28.2_3_ihn_ST.txt
742426,511,15228.9,6046.4,28.2_3_ihn_ST.txt
742427,512,15220.6,6063.82,28.2_3_ihn_ST.txt
742428,513,18493.4,5094.42,28.2_3_ihn_ST.txt
742429,514,15926.2,15209.4,28.2_3_ihn_ST.txt
742430,515,15902.9,15204.0,28.2_3_ihn_ST.txt
742431,516,18481.8,1861.33,28.2_3_ihn_ST.txt
742432,517,957.269,0.967208,28.2_3_ihn_ST.txt
742433,518,8155.2,17534.9,28.2_3_ihn_ST.txt
742434,519,4539.17,10447.0,28.2_3_ihn_ST.txt
742435,520,1598.47,12030.2,28.2_3_ihn_ST.txt
742436,521,391.307,8131.65,28.2_3_ihn_ST.txt
742437,522,3934.83,9349.45,28.2_3_ihn_ST.txt
742438,523,10970.9,19145.9,28.2_3_ihn_ST.txt
742439,524,12069.3,6031.18,28.2_3_ihn_ST.txt
742440,525,10030.8,6952.25,28.2_3_ihn_ST.txt
742441,526,6124.92,5943.33,28.2_3_ihn_ST.txt
742442,527,14372.8,13714.6,28.2_3_ihn_ST.txt
742443,528,12657.2,2571.38,28.2_3_ihn_ST.txt
742444,529,5283.96,17975.1,28.2_3_ihn_ST.txt
742445,530,15173.7,5264.67,28.2_3_ihn_ST.txt
742446,531,11784.0,14320.8,28.2_3_ihn_ST.txt
742447,532,4956.39,7234.68,28.2_3_ihn_ST.txt
742448,533,1992.85,4041.1,28.2_3_ihn_ST.txt
742449,534,2031.17,3971.81,28.2_3_ihn_ST.txt
742450,535,19344.6,18439.6,28.2_3_ihn_ST.txt
742451,536,7203.85,5802.11,28.2_3_ihn_ST.txt
742452,537,19341.4,18405.0,28.2_3_ihn_ST.txt
742453,538,11233.3,831.833,28.2_3_ihn_ST.txt
742454,539,11236.3,822.946,28.2_3_ihn_ST.txt
742455,540,10343.9,6161.77,28.2_3_ihn_ST.txt
742456,541,17764.3,16526.3,28.2_3_ihn_ST.txt
742457,542,157.962,5226.4,28.2_3_ihn_ST.txt
742458,543,3677.43,3493.36,28.2_3_ihn_ST.txt
742459,544,7114.36,12710.3,28.2_3_ihn_ST.txt
742460,545,12414.2,15111.5,28.2_3_ihn_ST.txt
742461,546,3436.59,19934.5,28.2_3_ihn_ST.txt
742462,547,8029.19,6906.25,28.2_3_ihn_ST.txt
742463,548,8019.96,6902.5,28.2_3_ihn_ST.txt
742464,549,6250.13,7062.53,28.2_3_ihn_ST.txt
742465,550,6244.12,9886.59,28.2_3_ihn_ST.txt
742466,551,21485.8,10197.6,28.2_3_ihn_ST.txt
742467,552,3881.98,17793.0,28.2_3_ihn_ST.txt
742468,553,15438.2,11303.1,28.2_3_ihn_ST.txt
742469,554,9640.43,17387.1,28.2_3_ihn_ST.txt
742470,555,17624.8,193.483,28.2_3_ihn_ST.txt
742471,556,1233.15,14573.2,28.2_3_ihn_ST.txt
742472,557,6284.67,15783.3,28.2_3_ihn_ST.txt
742473,558,10596.1,12356.9,28.2_3_ihn_ST.txt
742474,559,11734.8,14853.6,28.2_3_ihn_ST.txt
742475,560,1462.23,11830.2,28.2_3_ihn_ST.txt
742476,561,18937.1,11134.9,28.2_3_ihn_ST.txt
742477,562,13031.1,4595.15,28.2_3_ihn_ST.txt
742478,563,8272.48,8667.02,28.2_3_ihn_ST.txt
742479,564,12978.3,10592.9,28.2_3_ihn_ST.txt
742480,565,10829.0,18637.3,28.2_3_ihn_ST.txt
742481,566,2191.83,17999.5,28.2_3_ihn_ST.txt
742482,567,12929.8,4362.19,28.2_3_ihn_ST.txt
742483,568,11948.0,10897.3,28.2_3_ihn_ST.txt
742484,569,6307.04,11553.2,28.2_3_ihn_ST.txt
742485,570,11963.5,10677.3,28.2_3_ihn_ST.txt
742486,571,5950.59,6253.17,28.2_3_ihn_ST.txt
742487,572,8866.6,11105.0,28.2_3_ihn_ST.txt
742488,573,8447.4,6934.14,28.2_3_ihn_ST.txt
742489,574,4605.12,10301.0,28.2_3_ihn_ST.txt
742490,575,1017.8,5685.51,28.2_3_ihn_ST.txt
742491,576,5639.48,1172.48,28.2_3_ihn_ST.txt
742492,577,6160.37,11503.4,28.2_3_ihn_ST.txt
742493,578,2164.39,12832.0,28.2_3_ihn_ST.txt
742494,579,2184.21,20083.7,28.2_3_ihn_ST.txt
742495,580,12744.3,13545.0,28.2_3_ihn_ST.txt
742496,581,6174.92,6895.71,28.2_3_ihn_ST.txt
742497,582,14232.7,18078.1,28.2_3_ihn_ST.txt
742498,583,15254.3,12444.5,28.2_3_ihn_ST.txt
742499,584,21006.1,21370.6,28.2_3_ihn_ST.txt
742500,585,4408.99,3464.91,28.2_3_ihn_ST.txt
742501,586,11741.5,10229.3,28.2_3_ihn_ST.txt
742502,587,12077.1,13532.3,28.2_3_ihn_ST.txt
742503,588,12576.2,16549.4,28.2_3_ihn_ST.txt
742504,589,13421.5,6440.66,28.2_3_ihn_ST.txt
742505,590,9322.79,14745.3,28.2_3_ihn_ST.txt
742506,591,20268.2,22522.1,28.2_3_ihn_ST.txt
742507,592,17637.7,14718.8,28.2_3_ihn_ST.txt
742508,593,12648.5,5435.37,28.2_3_ihn_ST.txt
742509,594,7792.62,12131.2,28.2_3_ihn_ST.txt
742510,595,14764.9,18461.6,28.2_3_ihn_ST.txt
742511,596,6694.24,7165.2,28.2_3_ihn_ST.txt
742512,597,4222.69,15865.3,28.2_3_ihn_ST.txt
742513,598,4214.77,15847.6,28.2_3_ihn_ST.txt
742514,599,18479.9,12439.6,28.2_3_ihn_ST.txt
742515,600,13245.9,3424.34,28.2_3_ihn_ST.txt
742516,601,15927.0,7682.08,28.2_3_ihn_ST.txt
742517,602,1258.03,19700.0,28.2_3_ihn_ST.txt
742518,603,15925.7,11832.7,28.2_3_ihn_ST.txt
742519,604,7753.07,12152.0,28.2_3_ihn_ST.txt
742520,605,11780.7,14322.1,28.2_3_ihn_ST.txt
742521,606,7510.68,13642.8,28.2_3_ihn_ST.txt
742522,607,5293.94,10798.8,28.2_3_ihn_ST.txt
742523,608,127.024,13259.1,28.2_3_ihn_ST.txt
742524,609,1551.83,12060.3,28.2_3_ihn_ST.txt
742525,610,3366.98,9326.87,28.2_3_ihn_ST.txt
742526,611,10838.7,13782.4,28.2_3_ihn_ST.txt
742527,612,12074.8,15468.2,28.2_3_ihn_ST.txt
742528,613,19070.7,11173.8,28.2_3_ihn_ST.txt
742529,614,4580.63,10438.4,28.2_3_ihn_ST.txt
742530,615,5321.46,15851.6,28.2_3_ihn_ST.txt
742531,616,3320.01,12288.9,28.2_3_ihn_ST.txt
742532,617,9862.99,1171.24,28.2_3_ihn_ST.txt
742533,618,4921.23,12763.3,28.2_3_ihn_ST.txt
742534,619,18951.8,10746.3,28.2_3_ihn_ST.txt
742535,620,10873.8,14216.5,28.2_3_ihn_ST.txt
742536,621,10252.1,11544.5,28.2_3_ihn_ST.txt
742537,622,15666.0,7675.22,28.2_3_ihn_ST.txt
742538,623,2104.3,11244.6,28.2_3_ihn_ST.txt
742539,624,16672.9,6976.88,28.2_3_ihn_ST.txt
742540,625,6915.75,11873.1,28.2_3_ihn_ST.txt
742541,626,16671.3,206.832,28.2_3_ihn_ST.txt
742542,627,16657.5,216.978,28.2_3_ihn_ST.txt
742543,628,5446.41,20272.5,28.2_3_ihn_ST.txt
742544,629,8638.98,16697.1,28.2_3_ihn_ST.txt
742545,630,7833.75,12275.5,28.2_3_ihn_ST.txt
742546,631,2970.94,3448.14,28.2_3_ihn_ST.txt
742547,632,8629.52,17538.1,28.2_3_ihn_ST.txt
742548,633,5025.19,12157.5,28.2_3_ihn_ST.txt
742549,634,9298.26,3996.02,28.2_3_ihn_ST.txt
742550,635,9255.11,4084.33,28.2_3_ihn_ST.txt
742551,636,4907.86,10466.0,28.2_3_ihn_ST.txt
742552,637,11905.4,5201.67,28.2_3_ihn_ST.txt
742553,638,17749.0,12345.7,28.2_3_ihn_ST.txt
742554,639,8886.32,13839.8,28.2_3_ihn_ST.txt
742555,640,6198.68,15194.0,28.2_3_ihn_ST.txt
742556,641,11665.5,5047.08,28.2_3_ihn_ST.txt
742557,642,6144.9,10021.7,28.2_3_ihn_ST.txt
742558,643,6200.11,9827.04,28.2_3_ihn_ST.txt
742559,644,750.124,21444.8,28.2_3_ihn_ST.txt
742560,645,4284.36,20106.3,28.2_3_ihn_ST.txt
742561,646,7794.66,6925.69,28.2_3_ihn_ST.txt
742562,647,17859.2,14818.4,28.2_3_ihn_ST.txt
742563,648,13514.2,12807.8,28.2_3_ihn_ST.txt
742564,649,1713.94,16531.0,28.2_3_ihn_ST.txt
742565,650,7937.54,9104.61,28.2_3_ihn_ST.txt
742566,651,5096.94,12779.3,28.2_3_ihn_ST.txt
742567,652,7941.92,12959.8,28.2_3_ihn_ST.txt
742568,653,4397.45,10117.3,28.2_3_ihn_ST.txt
742569,654,4395.05,10118.0,28.2_3_ihn_ST.txt
742570,655,6410.43,8473.73,28.2_3_ihn_ST.txt
742571,656,3781.43,18285.4,28.2_3_ihn_ST.txt
742572,657,4208.79,7819.76,28.2_3_ihn_ST.txt
742573,658,9893.71,16295.7,28.2_3_ihn_ST.txt
742574,659,9860.29,16337.6,28.2_3_ihn_ST.txt
742575,660,16249.7,21971.2,28.2_3_ihn_ST.txt
742576,661,8742.67,2318.31,28.2_3_ihn_ST.txt
742577,662,11158.7,6198.81,28.2_3_ihn_ST.txt
742578,663,5617.3,1199.74,28.2_3_ihn_ST.txt
742579,664,5241.23,8566.47,28.2_3_ihn_ST.txt
742580,665,11542.7,15224.8,28.2_3_ihn_ST.txt
742581,666,5176.02,13648.4,28.2_3_ihn_ST.txt
742582,667,15360.4,16770.4,28.2_3_ihn_ST.txt
742583,668,7837.68,15530.9,28.2_3_ihn_ST.txt
742584,669,7946.93,9126.21,28.2_3_ihn_ST.txt
742585,670,3643.0,3855.81,28.2_3_ihn_ST.txt
742586,671,7535.95,20414.4,28.2_3_ihn_ST.txt
742587,672,12666.1,5438.1,28.2_3_ihn_ST.txt
742588,673,3783.07,11615.3,28.2_3_ihn_ST.txt
742589,674,2092.48,11240.9,28.2_3_ihn_ST.txt
742590,675,4138.29,8054.01,28.2_3_ihn_ST.txt
742591,676,4596.16,11507.2,28.2_3_ihn_ST.txt
742592,677,14388.7,7184.35,28.2_3_ihn_ST.txt
742593,678,2991.83,7655.34,28.2_3_ihn_ST.txt
742594,679,2991.1,7653.55,28.2_3_ihn_ST.txt
742595,680,5460.36,18327.8,28.2_3_ihn_ST.txt
